1 11111110 1111011111 1111111111. 615

'm

A’zou'of· 11111111,1Χ,49.
1181411404Φ1ἶλ4,11,144, Δ144111411111Τ411ζ11111,11111,,74
11111, 1,84. 5 111411811118111118111141, ibid,

111118111,111111.Δ1114101

111114,111,.47 1111411111κοῖ1,11,76.
1111111141411114, 11,.77 1111141114.
11111,111,.48 111111414111111, 1,.57
1141114 Vll, 8414141 1111111 &n 140, 41. 11148, 46
11141111φ111114,1111,,14811,111.40
11111 11141 1141144111111,1111 ,149, 5'5 11 1114111111,111,40.
1111111111,11111,.41 1171441, 1111,,84 88,
. Γλ1111111114711111,1Χ,48. Δ1141’11ςΠ11λ1411111141111,,41
Γλαύκων, 11 ,114. Διογένης 11111111111111141, 1Χ ,47.
114911111111111111,11111,48,111141111111111Ευλι11161,1111,49151177.
Δ11111411111Π811811111111,1,40.11111ωὲ1 (8111411411 1111,,44 57,
Δ1ίμ1111111111111111,14,0. 5'5 τ4ᾎ1111118111811χ14,1111,71.
Δωα41414.11141141111111111,11,111.1111141
111911411-111911141111111111111,41 11111 41111111, 111,10.
Δείνων. . 11 055'555, V1,73,
1111141111. 1,8.1 Scripta, 11180.
1441111ρῷ, 1,114. 1Χ ,1.-’40 . 1111111,111,81.
11114111 ,111 ⁵⁶ ‘⁷ 1111111 71111... 1.
11 1
εν 11141411111111111,48,79,11111 1111411411111111141161γξ
75, 8911011179 1111 ,,41 11191184ο 5’5 14 11. 1111 1111111111,Χ, 96.
11111,84,48.1Χ141744,461111111119
4441414141111144111, 1,.1, 11 ,44, 11141111. Χ, 118.
11 111114111111111111414, 1Χ ,15, 1114111. ‘X ,146
47, 57 1111411. Χ ,.147
5'5 τ4ζ1ᾖ144 111114141148140117 34141181441448111111148 191κῶ1
1111110 555555
51114111,11γ811)1’ 3 111111γὸ» 75555555555555„ ,1Χ ..14

11111111, V,8. 11111114.
Δ44υ414111111111118111,11,10.1111.1111411141111141111111..,.1111
Δη41111111111114111,1,8.4 Διόδωςῷιὸἐφέσιῷυ, 11111,70.

. Δ11411114111ς111ΰ1441141,1, 11914. 1Χ, 1111111144, 111 ,ω 14, 20, 46, 87, 91,

4144 71. 111141111μ111,Χ,4. 99, 103. 1111, 166,179, 181..
8111411,111,461111141]111,61,61,Χ,11

 

